# Own initilization
3 3 0.65 0.06 0.29 0.13 0.75 0.12 0.15 0.26 0.59
3 4 0.75 0.07 0.179 0.01 0.07 0.37 0.32 0.24 0.01 0.12 0.22 0.659
1 3 0.99 0.005 0.005
1000 0 3 3 2 1 0 2 3 0 0 2 3 0 0 2 3 0 0 0 0 1 2 2 3 1 3 0 2 3 1 2 3 1 3 3 1 2 0 3 1 2 2 2 1 1 1 0 2 0 3 2 3 2 1 1 2 3 1 2 1 2 1 2 1 1 3 3 1 1 2 3 0 0 1 1 2 3 1 1 0 1 1 1 1 1 3 3 1 1 3 0 0 3 1 3 1 3 3 2 1 3 3 2 3 3 3 1 1 1 1 2 1 3 3 3 0 1 0 0 3 3 2 2 3 3 3 2 1 0 0 3 3 1 0 2 2 2 0 0 2 3 1 1 1 2 2 3 3 1 1 0 0 1 2 0 0 2 0 1 1 0 0 0 0 3 3 1 2 0 0 2 3 2 2 0 1 1 3 1 1 0 3 3 0 3 3 3 2 3 2 3 1 2 1 2 0 0 0 0 3 0 3 3 3 3 1 1 3 2 1 2 0 3 3 3 3 3 3 0 0 2 3 2 1 1 1 3 2 2 2 1 2 1 1 2 3 1 2 3 1 1 1 3 3 2 2 2 1 0 2 2 1 0 3 2 2 3 1 0 1 2 2 2 0 3 1 2 0 3 0 0 3 1 2 2 3 1 1 0 2 2 1 3 2 3 1 0 0 0 2 1 3 3 0 1 0 3 0 2 0 0 3 2 3 3 3 2 3 2 3 1 3 3 0 1 0 2 2 1 2 3 3 1 3 2 3 3 3 1 2 1 3 0 1 2 0 1 3 3 3 3 2 1 1 1 1 3 3 1 1 3 3 2 0 1 0 0 0 0 0 1 0 0 0 1 0 0 0 0 2 0 2 0 3 1 3 1 3 2 0 0 0 0 0 1 2 3 0 1 1 0 2 3 2 1 0 2 1 2 2 2 1 1 2 2 1 3 3 3 3 1 3 1 0 2 1 2 1 3 1 1 3 0 0 1 0 1 3 3 2 2 1 2 3 2 1 2 1 1 1 0 0 0 2 2 2 1 3 3 1 1 2 2 1 1 2 3 1 2 1 0 0 3 2 1 3 2 2 3 0 0 3 3 0 3 0 0 1 0 0 2 3 1 0 0 0 1 2 2 3 2 3 1 0 2 2 3 3 1 1 2 1 1 1 3 2 2 3 2 0 3 3 0 0 0 0 0 0 0 0 2 2 3 3 3 2 3 2 1 3 0 2 1 2 0 0 0 2 3 2 2 2 1 3 3 2 1 2 0 0 3 2 1 2 3 1 0 1 3 3 3 2 2 0 0 0 2 2 3 1 1 3 0 0 3 0 0 3 0 1 3 0 3 0 0 0 0 0 0 0 0 3 2 3 1 2 3 0 3 3 2 0 3 2 1 1 0 1 0 0 0 0 2 3 3 3 1 1 3 1 2 3 0 3 3 3 0 0 1 1 0 3 2 2 3 1 1 3 1 1 3 2 0 2 0 0 2 0 0 0 1 0 1 1 0 0 0 0 0 2 2 3 3 1 3 3 3 1 0 2 3 3 3 0 1 1 1 1 0 0 3 3 3 2 3 2 3 3 2 3 3 3 3 3 2 2 1 3 1 0 1 1 1 0 3 1 0 0 3 3 2 2 2 3 3 1 1 1 2 1 3 2 1 1 2 3 2 2 1 2 2 1 1 2 1 0 0 1 2 1 2 1 1 2 0 0 3 2 3 2 1 1 3 2 3 3 3 0 2 0 3 3 1 1 1 2 2 0 0 0 0 0 1 1 1 3 2 3 2 0 0 3 2 3 1 2 0 3 2 1 2 1 0 1 1 1 2 2 2 2 2 3 3 2 3 2 1 3 3 2 2 2 1 0 1 3 2 1 0 3 2 2 1 1 3 3 3 3 1 0 3 3 3 2 3 3 2 3 0 1 0 1 2 2 1 2 1 2 3 3 3 0 1 2 2 3 1 1 0 3 2 2 1 1 0 0 1 0 0 0 1 1 0 0 0 0 2 0 0 0 3 3 0 0 3 1 2 2 1 0 0 2 2 3 0 3 0 3 2 2 3 3 2 0 2 3 0 0 3 1 0 0 1 2 0 0 3 3 1 1 3 2 3 1 3 3 1 3 3 3 2 3 1 0 1 3 2 1 2 3 3 0 2 0 0 1 0 3 2 0 2 3 1 3 1 1 2 1 1 2 2 1 1 3 2 2 0 0 1 1 0 0 0 2 2 0 0 3 2 2 1 2 3 3 0 0 2 0 0 0 3 3 3 2 0 1 0 1 1 3 

# First initilization
#3 3 0.54 0.26 0.20 0.19 0.53 0.28 0.22 0.18 0.60
#3 4 0.5 0.2 0.11 0.19 0.22 0.28 0.23 0.27 0.19 0.21 0.15 0.45
#1 3 0.3 0.2 0.5

# Two states
#2 2 0.45 0.55 0.52 0.48
#2 4 0.22 0.27 0.19 0.32 0.26 0.18 0.23 0.33
#1 2 1 0

#Uniform distribution
#3 3 0.333333 0.333333 0.333333 0.333333 0.333333 0.33333 0.333333 0.333333 0.333333
#3 4 0.333333 0.333333 0.333333 0.333333 0.333333 0.333333 0.333333 0.333333 0.333333 0.333333 0.333333 0.333333
#1 3 0.333333 0.333333 0.333333

# Diagonal
#3 3 1.0 0.0 0.0 0.0 0.1 0.0 0.0 0.0 0.1
#3 4 0.5 0.2 0.11 0.19 0.22 0.28 0.23 0.27 0.19 0.21 0.15 0.45
#1 3 1.0 0.0 0.0

# Close to acutual model
#3 3 0.699 0.041 0.26 0.099 0.791 0.11 0.199 0.291 0.51
#3 4 0.699 0.201 0.099 0.001 0.099 0.391 0.305 0.205 0.001 0.099 0.199 0.701
#1 3 0.999 0.0005 0.0005